Bruno Senna;0;6;7;0;0;10;0;10;9;0;7;0;10;0;0;0;10;8;10;0
Charles Pic ;0;0;0;0;0;0;0;0;0;0;0;0;0;0;0;0;0;0;0;0
Daniel Ricciardo;9;0;0;0;0;0;0;0;0;0;0;9;0;9;10;9;0;10;0;0
Felipe Massa;0;0;0;9;0;6;10;0;4;0;9;5;4;8;2;4;6;7;4;3
Fernando Alonso;5;1;9;7;2;3;5;1;2;1;5;0;3;3;0;3;2;2;3;2
Heikki Kovalainen;0;0;0;0;0;0;0;0;0;0;0;0;0;0;0;0;0;0;0;0
Jean-Eric Vergne;0;8;0;0;0;0;0;0;0;0;0;8;0;0;0;8;0;0;0;8
Jenson Button;1;0;2;0;9;0;0;8;10;2;6;1;0;2;4;0;5;4;5;1
Kamui Kobayashi;6;0;10;0;5;0;9;0;0;4;0;0;9;0;3;0;0;6;0;9
Kimi Raikkonen;7;5;0;2;3;9;8;2;5;3;2;3;5;6;6;5;7;1;6;10
Lewis Hamilton;3;3;3;8;8;5;1;0;8;0;1;0;1;0;5;10;4;0;1;0
Mark Webber;4;4;4;4;0;1;7;4;1;8;8;6;0;0;9;2;3;0;0;4
Michael Schumacher;0;10;0;10;0;0;0;3;7;7;0;7;6;0;0;0;0;0;0;7
Narain Karthikeyan ;0;0;0;0;0;0;0;0;0;0;0;0;0;0;0;0;0;0;0;0
Nico Hulkenberg;0;9;0;0;10;8;0;5;0;9;0;4;0;0;7;6;8;0;8;5
Nico Rosberg;0;0;1;5;7;2;6;6;0;10;10;0;7;5;0;0;0;0;0;0
Pastor Maldonado;0;0;8;0;1;0;0;0;0;0;0;0;0;0;8;0;0;5;9;0
Paul di Resta;10;7;0;6;0;7;0;7;0;0;0;10;8;4;0;0;0;9;0;0
Pedro de la Rosa ;0;0;0;0;0;0;0;0;0;0;0;0;0;0;0;0;0;0;0;0
Romain Grosjean;0;0;6;3;4;0;2;0;6;0;3;0;0;7;0;7;9;0;7;0
Sebastian Vettel;2;0;5;1;6;4;4;0;3;5;4;2;0;1;1;1;1;3;2;6
Sergio Perez;8;2;0;0;0;0;3;9;0;6;0;0;2;10;0;0;0;0;0;0
Timo Glock;0;0;0;0;0;0;0;0;0;0;0;0;0;0;0;0;0;0;0;0
Vitaly Petrov;0;0;0;0;0;0;0;0;0;0;0;0;0;0;0;0;0;0;0;0